100
0 94 48 16 13 127 135 74 82 77 109 12 58 119 139 74 103 40 148 64 20 96 142 51 59 72 73 81 141 112 104 124 11 126 89 68 146 108 23 95 33 23 119 16 149 24 116 29 15 131 50 63 145 59 51 74 104 112 89 111 44 81 77 13 99 45 94 81 143 121 96 122 131 86 46 61 26 62 145 103 67 68 133 68 37 12 44 69 135 43 135 10 48 57 113 120 47 134 59 12
94 0 116 50 149 126 134 73 134 25 144 54 126 89 145 101 14 123 103 32 109 47 21 147 115 67 97 138 33 46 86 29 25 42 128 107 101 18 15 124 116 82 17 97 17 50 51 138 133 150 48 72 95 40 103 84 141 131 93 103 137 78 70 129 18 117 49 43 117 43 106 120 66 60 45 16 140 40 148 30 66 20 111 127 48 33 23 110 56 70 75 11 34 66 29 126 126 66 150 104
48 116 0 49 113 13 24 34 29 24 138 131 130 25 54 142 11 139 53 99 27 120 12 29 87 145 116 32 34 57 140 147 37 13 147 35 124 57 104 79 61 105 135 96 137 143 71 123 58 50 134 146 73 114 85 148 127 46 65 54 58 97 35 73 16 51 53 17 78 133 119 65 45 18 51 104 116 25 113 58 103 138 115 48 82 138 116 19 59 46 79 116 127 43 109 141 102 60 39 41
16 50 49 0 56 81 57 139 99 112 35 33 29 115 50 96 63 38 83 53 98 52 103 124 43 27 74 103 131 12 18 104 80 40 35 132 140 90 34 89 120 118 115 135 125 102 131 52 132 40 46 85 91 45 135 89 33 33 126 50 47 19 14 111 41 117 19 24 16 120 14 55 53 52 80 135 35 94 35 64 13 129 63 59 113 121 52 87 58 63 54 68 95 94 43 130 51 130 68 150
13 149 113 56 0 98 19 53 54 10 131 56 64 104 99 27 45 15 29 138 15 49 48 34 149 93 144 89 43 89 120 129 86 70 13 140 38 107 105 85 53 22 59 110 61 50 36 10 55 114 34 46 69 135 126 29 126 43 31 55 53 140 38 142 72 94 80 79 119 141 144 49 49 110 126 76 19 85 148 25 46 109 11 87 127 104 27 108 108 94 81 113 30 124 132 120 82 11 79 98
127 126 13 81 98 0 49 87 96 65 10 89 57 33 57 106 14 123 76 72 42 96 130 69 70 68 138 91 60 116 128 110 119 95 115 12 87 44 82 26 139 136 42 53 94 109 12 24 10 110 12 84 120 106 134 80 140 144 61 145 81 12 117 121 99 53 102 95 83 19 85 134 17 32 134 80 58 100 109 149 129 11 32 144 119 144 15 60 38 128 91 68 107 135 45 43 20 102 25 61
135 134 24 57 19 49 0 48 71 37 35 115 147 58 76 84 137 67 125 94 122 101 125 133 102 34 111 48 99 60 104 133 55 120 47 33 78 92 32 82 75 77 104 27 125 76 138 115 144 39 26 107 138 141 71 70 16 72 53 66 64 46 143 32 65 84 66 70 68 31 149 148 144 87 121 96 51 95 31 121 40 65 132 72 82 38 28 49 70 64 42 19 86 147 117 44 22 85 63 123
74 73 34 139 53 87 48 0 32 76 56 115 32 52 69 150 130 127 42 28 12 95 15 55 37 125 54 139 129 149 78 23 141 142 50 130 76 87 23 95 24 39 50 59 95 109 53 93 137 128 65 137 128 85 58 48 20 125 147 13 47 77 77 111 74 117 118 62 21 71 105 79 147 46 35 64 143 21 57 28 129 87 97 25 68 111 111 96 72 106 129 50 139 47 61 141 73 69 100 137
82 134 29 99 54 96 71 32 0 53 150 126 110 40 14 100 104 127 143 150 83 88 112 50 100 30 89 16 52 75 125 129 115 149 142 41 54 109 71 94 42 90 35 135 23 38 14 56 104 111 135 61 24 150 20 132 89 141 118 58 60 137 106 46 128 45 43 48 67 150 15 117 66 82 35 94 141 118 10 119 49 108 96 14 57 30 141 64 92 35 38 57 113 26 43 79 29 57 66 75
77 25 24 112 10 65 37 76 53 0 29 67 82 125 29 90 105 64 14 10 43 141 136 97 126 116 114 130 36 73 123 107 84 66 62 149 47 45 91 108 54 141 59 11 33 87 14 91 124 32 23 116 112 122 88 122 117 20 127 17 108 70 52 136 96 54 27 28 59 134 85 146 51 92 58 140 56 109 34 80 60 150 10 99 135 55 143 97 96 58 73 87 80 113 121 92 127 42 39 89
109 144 138 35 131 10 35 56 150 29 0 134 78 99 99 124 138 74 128 73 41 142 20 109 34 115 114 127 43 130 127 129 34 107 123 101 88 139 106 132 101 22 60 101 79 78 102 143 74 53 117 32 144 133 40 115 35 145 66 66 144 119 137 67 22 20 132 137 124 99 72 94 48 23 75 34 131 53 134 61 149 144 90 133 87 57 105 67 124 104 105 58 47 38 14 104 115 45 64 101
12 54 131 33 56 89 115 115 126 67 134 0 23 97 88 128 29 15 51 73 77 116 146 133 38 111 30 50 52 76 77 42 85 101 83 22 101 104 70 119 128 66 58 43 40 133 72 80 102 92 29 146 120 92 11 53 138 147 101 34 87 150 45 112 147 58 13 132 65 136 112 111 73 114 27 78 138 122 146 11 54 17 145 129 59 129 93 21 23 83 145 134 137 27 39 75 109 122 48 90
58 126 130 29 64 57 147 32 110 82 78 23 0 101 140 91 98 136 40 59 118 34 25 77 101 29 19 18 40 20 78 61 121 13 139 56 84 55 128 35 144 71 110 27 75 14 42 79 143 126 28 23 21 12 45 42 76 74 141 36 69 84 13 85 107 62 149 106 150 131 136 103 52 39 68 112 39 74 130 123 91 79 132 72 102 25 24 61 147 66 43 55 42 122 42 35 72 71 112 59
119 89 25 115 104 33 58 52 40 125 99 97 101 0 108 90 36 71 149 147 100 74 62 122 13 41 128 24 75 107 79 111 81 57 76 68 64 142 104 25 137 17 18 135 36 72 57 143 50 39 133 133 15 33 118 99 55 111 90 86 87 115 102 144 25 43 132 114 105 72 76 19 57 141 61 75 77 14 74 94 99 138 62 81 110 85 150 105 70 17 38 17 126 60 91 119 145 119 88 132
139 145 54 50 99 57 76 69 14 29 99 88 140 108 0 92 25 38 98 49 98 124 150 123 119 136 44 84 60 99 14 102 38 127 41 29 35 18 114 114 82 32 127 144 77 16 13 15 56 119 75 73 77 122 129 16 81 36 26 148 129 103 42 12 93 110 13 144 148 81 11 32 62 145 129 96 10 71 121 110 55 47 56 134 66 66 122 139 49 130 62 33 137 117 86 143 137 127 48 100
74 101 142 96 27 106 84 150 100 90 124 128 91 90 92 0 32 56 64 129 110 62 134 142 104 70 82 93 49 11 22 139 116 110 36 55 76 118 72 72 72 41 86 70 106 69 55 84 62 113 131 78 45 132 126 145 50 77 94 53 102 29 139 126 14 38 31 98 115 26 125 95 93 22 52 120 79 104 139 96 70 31 129 58 65 109 72 86 88 42 66 65 132 72 82 38 28 49 70 64 42 19 86 147 117 44 22 85 63 123
103 14 11 63 45 14 137 130 104 105 138 29 98 36 25 32 0 135 69 119 55 68 17 133 103 10 72 122 78 41 139 130 111 127 78 27 35 26 119 97 41 115 18 71 95 116 75 122 73 20 33 39 146 137 115 141 35 13 14 88 44 24 28 12 87 63 68 38 123 23 37 131 21 11 11 130 138 73 106 13 66 79 143 147 41 135 146 74 109 18 108 111 55 133 108 122 87 130 21 44
40 123 139 38 15 123 67 127 127 64 74 15 136 71 38 56 135 0 99 85 12 54 11 115 46 26 78 123 47 115 11 134 128 89 42 99 26 34 47 13 35 121 111 48 87 105 58 42 71 27 126 64 111 70 17 128 142 29 97 96 120 132 32 82 17 42 89 135 90 76 77 117 58 45 112 86 105 33 30 39 89 49 134 142 63 139 102 24 143 69 148 20 89 148 90 104 23 118 112 116
148 103 53 83 29 76 125 42 143 14 128 51 40 149 98 64 69 99 0 138 44 74 93 123 77 19 150 77 148 70 91 13 70 49 35 77 111 34 95 92 33 72 69 139 136 104 82 40 73 147 90 141 101 141 26 74 57 136 29 81 84 42 134 123 16 144 49 117 67 13 10 50 24 113 67 57 62 129 115 64 150 134 20 125 31 120 107 131 65 61 120 77 111 30 32 115 61 39 47 99
64 32 99 53 138 72 94 28 150 10 73 73 59 147 49 129 119 85 138 0 34 29 40 60 129 52 24 15 32 24 83 15 121 133 25 65 132 97 103 14 131 30 18 43 128 109 35 57 127 37 69 148 106 53 135 106 102 30 47 50 117 138 90 11 103 115 88 76 54 37 82 92 30 37 145 39 105 119 60 28 149 98 136 124 58 85 43 35 64 36 126 110 32 133 145 123 110 122 66 122
20 109 27 98 15 42 122 12 83 43 41 77 118 100 98 110 55 12 44 34 0 24 68 29 67 106 108 27 39 50 41 41 112 114 73 85 49 130 105 16 138 56 110 122 143 122 73 55 77 40 53 147 10 94 63 44 111 78 72 78 13 76 109 67 10 135 25 47 113 25 81 27 49 65 124 115 106 137 27 74 119 81 23 75 71 106 64 66 46 25 30 113 95 58 49 100 89 40 150 113
96 47 120 52 49 96 101 95 88 141 142 116 34 74 124 62 68 54 74 29 24 0 102 49 106 67 93 108 65 58 148 17 39 27 81 106 69 115 96 110 127 21 112 130 83 21 116 134 70 105 24 117 49 79 125 32 90 97 100 135 116 140 84 111 86 104 128 15 95 37 89 108 40 54 126 25 142 100 133 89 96 119 86 57 128 92 51 12 121 59 35 119 45 35 90 11 111 80 111 129
142 21 12 103 48 130 125 15 112 136 20 146 25 62 150 134 17 11 93 40 68 102 0 102 113 14 41 85 41 110 63 38 97 137 87 97 11 85 139 98 48 92 60 84 120 95 44 141 102 66 10 92 20 98 149 20 149 30 149 148 118 78 124 75 142 91 44 47 10 65 97 71 22 23 11 45 113 131 70 52 65 41 56 53 144 51 34 77 17 54 70 77 92 124 135 74 97 139 19 140
51 147 29 124 34 69 133 55 50 97 109 133 77 122 123 142 133 115 123 60 29 49 102 0 143 95 18 117 44 146 87 88 119 14 138 128 138 134 38 109 18 127 17 115 61 48 30 125 14 69 15 115 75 105 86 29 81 105 101 63 130 122 27 53 64 86 61 37 111 97 27 48 140 110 21 111 130 112 137 10 28 85 101 45 20 46 47 49 76 52 121 103 119 17 31 44 25 37 107 16
59 115 87 43 149 70 102 37 100 126 34 38 101 13 119 104 103 46 77 129 67 106 113 143 0 144 13 62 20 66 102 76 113 74 134 119 121 23 116 51 65 117 50 27 139 81 43 90 65 68 47 90 99 120 19 118 94 93 105 58 76 21 57 85 136 19 58 97 79 19 79 56 141 106 129 136 68 18 14 150 139 39 52 94 41 36 110 87 18 26 61 150 44 77 142 65 61 14 73 60
72 67 145 27 93 68 34 125 30 116 115 111 29 41 136 70 10 26 19 52 106 67 14 95 144 0 44 49 34 28 61 34 74 35 40 133 39 115 114 68 38 47 97 141 42 35 143 56 121 123 130 146 63 86 71 96 29 129 18 51 61 114 98 103 73 52 127 149 100 119 53 59 99 86 133 119 148 36 134 24 73 85 58 69 150 49 12 80 77 112 82 38 15 136 100 135 56 19 89 135
73 97 116 74 144 138 111 54 89 114 114 30 19 128 44 82 72 78 150 24 108 93 41 18 13 44 0 37 11 53 48 42 95 55 51 65 84 100 47 78 67 84 33 79 28 13 136 128 17 73 108 71 144 149 147 108 96 100 58 121 37 34 99 141 79 117 77 19 96 27 79 51 118 122 37 97 18 91 53 34 82 38 42 51 48 129 54 86 125 100 104 67 131 137 67 34 72 13 150 105
81 138 32 103 89 91 48 139 16 130 127 50 18 24 84 93 122 123 77 15 27 108 85 117 62 49 37 0 83 99 108 138 96 139 110 68 17 138 121 73 28 124 148 40 127 40 146 66 128 141 144 127 47 52 139 87 48 124 13 101 40 94 25 108 129 134 149 18 148 37 139 64 69 135 25 14 139 12 94 20 67 96 40 115 85 21 82 112 70 84 16 48 25 95 90 28 66 106 77 32
141 33 34 131 43 60 99 129 52 36 43 52 40 75 60 49 78 47 148 32 39 65 41 44 20 34 11 83 0 138 20 113 138 88 127 53 96 35 134 83 95 11 114 105 23 126 17 32 63 146 18 67 102 72 100 40 112 72 28 70 19 83 130 78 96 145 142 129 69 134 81 150 128 12 67 97 82 25 88 100 48 132 138 45 49 31 23 108 50 95 63 84 91 44 108 61 50 95 98 49
112 46 57 12 89 116 60 149 75 73 130 76 20 107 99 11 41 115 70 24 50 58 110 146 66 28 53 99 138 0 149 106 27 71 113 21 43 72 76 119 149 72 110 128 46 35 25 65 56 143 117 53 50 128 45 20 89 44 38 21 64 44 17 126 34 13 46 105 92 90 122 82 51 112 14 21 141 31 68 121 90 76 37 139 64 69 135 25 14 139 12 94 20 67 96 40 115 85 21 82 112 70 84 16 48 25 95 90 28 66 106 77 32
141 33 34 131 43 60 99 129 52 36 43 52 40 75 60 49 78 47 148 32 39 65 41 44 20 34 11 83 0 138 20 113 138 88 127 53 96 35 134 83 95 11 114 105 23 126 17 32 63 146 18 67 102 72 100 40 112 72 28 70 19 83 130 78 96 145 142 129 69 134 81 150 128 12 67 97 82 25 88 100 48 132 138 45 49 31 23 108 50 95 63 84 91 44 108 61 50 95 98 49
112 46 57 12 89 116 60 149 75 73 130 76 20 107 99 11 41 115 70 24 50 58 110 146 66 28 53 99 138 0 149 106 27 71 113 21 43 72 76 119 149 72 110 128 46 35 25 65 56 143 117 53 50 128 45 20 89 44 38 21 64 44 17 126 34 13 46 105 92 90 122 82 51 112 14 21 141 31 68 129 23 143 136 18 92 13 108 134 148 86 92 50 52 124 42 122 23 99 100 32
104 86 140 18 120 128 104 78 125 123 127 77 78 79 14 22 139 11 91 83 41 148 63 87 102 61 48 108 20 149 0 117 51 123 23 123 40 18 120 99 119 109 88 62 55 22 85 95 81 90 100 51 67 27 38 126 100 123 86 85 98 57 139 85 29 76 38 69 31 49 106 126 44 29 73 137 31 45 79 95 55 138 48 60 20 91 111 15 23 140 132 98 35 129 140 76 107 113 128 80
124 29 147 104 129 110 133 23 129 107 129 42 61 111 102 139 130 134 13 15 41 17 38 88 76 34 42 138 113 106 117 0 83 17 13 142 121 133 130 142 22 89 118 69 127 78 71 101 10 68 149 111 46 30 136 73 135 36 140 94 58 146 21 93 139 134 101 59 67 57 20 121 29 150 37 98 14 42 76 118 61 149 119 138 57 37 123 23 118 89 28 128 98 134 12 145 110 12 123 53
11 25 37 80 86 119 55 141 115 84 34 85 121 81 38 116 111 128 70 121 112 39 97 119 113 74 95 96 138 27 51 83 0 97 53 104 69 83 73 72 30 98 127 86 80 64 17 65 85 137 103 140 91 136 143 56 117 144 20 110 53 107 145 15 90 38 87 10 127 91 45 102 70 115 38 34 123 117 74 146 92 106 67 99 106 19 72 12 28 51 75 85 38 20 20 22 31 46 77 93
126 42 13 40 70 95 120 142 149 66 107 101 13 57 127 110 127 89 49 133 114 27 137 14 74 35 55 139 88 71 123 17 97 0 20 28 84 34 62 86 39 20 16 66 137 119 98 67 34 63 150 69 127 127 98 43 40 143 125 108 34 34 12 50 114 87 31 74 39 131 130 148 43 11 126 85 109 138 70 73 66 118 75 144 23 98 58 35 150 127 130 141 142 52 52 98 50 16 35 122
89 128 147 35 13 115 47 50 142 62 123 83 139 76 41 36 78 42 35 25 73 81 87 138 134 40 51 110 127 113 23 13 53 20 0 103 94 17 113 69 31 108 48 57 95 61 96 14 125 41 141 131 13 38 96 112 41 122 113 106 15 19 52 22 77 32 101 53 145 63 61 125 48 28 75 110 64 60 93 88 85 100 70 83 70 102 45 95 34 48 33 69 53 144 34 52 59 111 81 85
68 107 35 132 140 12 33 130 41 149 101 22 56 68 29 55 27 99 77 65 85 106 97 128 119 133 65 68 53 21 123 142 104 28 103 0 33 44 146 59 15 125 65 57 94 19 117 24 129 62 41 127 127 131 34 58 109 134 125 84 124 40 24 100 88 14 46 91 50 136 46 117 17 130 85 16 109 28 28 130 45 38 120 52 109 10 103 81 87 83 85 66 147 119 125 108 38 104 24 129
146 101 124 140 38 87 78 76 54 47 88 101 84 64 35 76 35 26 111 132 49 69 11 138 121 39 84 17 96 43 40 121 69 84 94 33 0 139 92 78 25 67 109 67 13 135 29 145 100 69 112 128 82 137 67 60 141 59 90 45 120 139 130 106 68 101 102 53 76 142 66 74 147 59 52 87 10 11 33 117 83 75 71 25 16 67 102 113 26 61 108 149 105 79 108 81 99 46 24 136
108 18 57 90 107 44 92 87 109 45 139 104 55 142 18 118 26 34 34 97 130 115 85 134 23 115 100 138 35 72 18 133 83 34 17 44 139 0 138 130 104 67 43 29 83 52 99 102 115 100 56 139 148 107 148 17 137 146 84 61 148 11 111 67 76 81 72 11 84 79 132 138 128 104 72 33 146 131 142 52 92 92 31 68 71 124 25 10 141 38 114 19 95 29 20 50 86 40 92 131
23 15 104 34 105 82 32 23 71 91 106 70 128 104 114 72 119 47 95 103 105 96 139 38 116 114 47 121 134 76 120 130 73 62 113 146 92 138 0 93 104 57 104 89 10 46 129 76 101 87 115 106 115 36 138 17 118 42 107 54 43 93 40 140 134 118 150 30 28 13 136 51 139 83 127 137 61 45 91 143 91 95 139 43 26 78 145 112 26 94 110 108 95 58 101 80 150 46 132 136
95 124 79 89 85 26 82 95 94 108 132 119 35 25 114 72 97 13 92 14 16 110 98 109 51 68 78 73 83 119 99 142 72 86 69 59 78 130 93 0 89 39 56 118 100 107 46 121 39 51 102 25 123 130 33 60 45 63 82 14 72 10 140 24 88 19 70 21 38 39 139 18 47 76 148 117 70 77 78 28 32 96 123 13 50 58 30 77 94 33 123 31 41 67 145 101 91 31 17 139
33 116 61 120 53 139 75 24 42 54 101 128 144 137 82 72 41 35 33 131 138 127 48 18 65 38 67 28 95 149 119 22 30 39 31 15 25 104 104 89 0 77 85 150 124 34 50 129 136 138 11 41 85 116 137 96 135 136 11 11 146 91 87 18 131 97 19 110 122 98 66 62 37 74 105 29 60 25 131 34 127 150 136 98 123 71 15 47 46 115 82 94 21 89 62 17 136 14 55 117
23 82 105 118 22 136 77 39 90 141 22 66 71 17 32 41 115 121 72 30 56 21 92 127 117 47 84 124 11 72 109 89 98 20 108 125 67 67 57 39 77 0 31 134 24 86 114 39 76 46 53 107 89 19 79 57 120 18 94 136 87 70 63 147 54 64 32 82 66 129 47 66 49 78 137 126 55 49 43 47 60 121 104 120 70 136 55 65 56 10 11 129 18 10 82 140 126 62 127 20
119 17 135 115 59 42 104 50 35 59 60 58 110 18 127 86 18 111 69 18 110 112 60 17 50 97 33 148 114 110 88 118 127 16 48 65 109 43 104 56 85 31 0 91 138 69 27 68 141 33 25 124 18 27 52 109 64 110 131 136 135 100 74 134 131 13 55 14 115 96 26 42 100 133 11 126 129 52 24 132 54 105 32 86 23 91 38 120 106 26 23 31 59 24 62 29 127 82 64 25
16 97 96 135 110 53 27 59 135 11 101 43 27 135 144 70 71 48 139 43 122 130 84 115 27 141 79 40 105 128 62 69 86 66 57 57 67 29 89 118 150 134 91 0 141 100 139 70 135 20 47 102 37 80 119 130 118 19 116 96 119 101 150 40 123 100 126 51 130 106 15 48 73 118 92 131 149 18 74 82 99 122 87 116 92 37 109 59 21 107 40 68 92 10 150 123 12 26 140 19
149 17 137 125 61 94 125 95 23 33 79 40 75 36 77 106 95 87 136 128 143 83 120 61 139 42 28 127 23 46 55 127 80 137 95 94 13 83 10 100 124 24 138 141 0 116 125 112 93 101 117 124 143 108 28 54 45 114 130 114 67 143 143 126 107 114 29 38 103 47 95 69 145 149 120 139 60 55 40 24 110 112 94 104 25 67 86 14 18 87 12 80 79 31 60 104 77 114 78 139
24 50 143 102 50 109 76 109 38 87 78 133 14 72 16 69 116 105 104 109 122 21 95 48 81 35 13 40 126 35 22 78 64 119 61 19 135 52 46 107 34 86 69 100 116 0 89 107 117 113 13 84 48 35 92 116 114 118 145 75 121 112 37 148 118 114 89 38 63 146 70 96 26 57 74 77 41 10 134 26 72 115 81 96 69 145 135 27 125 64 24 124 81 99 57 26 77 136 78 122
116 51 71 131 36 12 138 53 14 14 102 72 42 57 13 55 75 58 82 35 73 116 44 30 43 143 136 146 17 25 85 71 17 98 96 117 29 99 129 46 50 114 27 139 125 89 0 49 33 43 104 84 83 86 111 34 113 90 100 75 95 17 71 97 40 22 58 79 18 80 89 31 35 143 80 78 103 28 68 90 76 23 75 55 18 18 147 121 108 146 50 72 119 133 126 127 18 58 68 107
29 138 123 52 10 24 115 93 56 91 143 80 79 143 15 84 122 42 40 57 55 134 141 125 90 56 128 66 32 65 95 101 65 67 14 24 145 102 76 121 129 39 68 70 112 107 49 0 108 98 88 68 53 90 124 94 134 73 143 138 41 47 91 142 53 84 107 46 146 119 67 62 128 124 78 27 106 14 137 143 133 144 99 114 23 116 150 70 19 132 25 49 65 12 149 100 119 12 79 47
15 133 58 132 55 10 144 137 104 124 74 102 143 50 56 62 73 71 73 127 77 70 102 14 65 121 17 128 63 56 81 10 85 34 125 129 100 115 101 39 136 76 141 135 93 117 33 108 0 122 121 103 123 101 40 144 137 74 42 45 28 17 110 51 128 136 89 113 117 62 15 129 108 118 58 146 109 46 117 58 140 79 84 55 135 34 67 109 111 28 147 50 95 55 131 39 16 89 136 66
131 150 50 40 114 110 39 128 111 32 53 92 126 39 119 113 20 27 147 37 40 105 66 69 68 123 73 141 146 143 90 68 137 63 41 62 69 100 87 51 138 46 33 20 101 113 43 98 122 0 71 21 50 108 56 84 66 36 119 130 69 26 121 36 32 146 140 92 23 99 87 136 73 40 138 27 111 123 47 104 143 124 145 42 141 135 103 118 44 143 148 65 150 110 116 136 12 74 62 146
50 48 134 46 34 12 26 65 135 23 117 29 28 133 75 131 33 126 90 69 53 24 10 15 47 130 108 144 18 117 100 149 103 150 141 41 112 56 115 102 11 53 25 47 117 13 104 88 121 71 0 81 63 126 138 25 50 44 21 64 127 10 77 32 74 82 83 13 96 86 38 58 10 132 34 117 148 26 126 119 128 31 146 23 54 65 85 15 26 26 49 44 96 57 55 66 137 126 124 88
63 72 146 85 46 84 107 137 61 116 32 146 23 133 73 78 39 64 141 148 147 117 92 115 90 146 71 127 67 53 51 111 140 69 131 127 128 139 106 25 41 107 124 102 124 84 84 68 103 21 81 0 110 127 105 93 79 64 82 22 82 121 23 103 127 142 28 18 58 63 136 130 43 53 15 75 65 50 53 45 23 16 128 30 69 55 117 49 12 19 23 38 36 37 81 16 134 79 119 92
145 95 73 91 69 120 138 128 24 112 144 120 21 15 77 45 146 111 101 106 10 49 20 75 99 63 144 47 102 50 67 46 91 127 13 127 82 148 115 123 85 89 18 37 143 48 83 53 123 50 63 110 0 97 34 11 129 51 68 13 107 70 76 80 84 36 135 88 33 101 23 144 67 68 25 54 129 107 12 57 143 149 82 23 97 109 131 15 32 127 143 127 99 95 119 96 71 55 55 134
59 40 114 45 135 106 141 85 150 122 133 92 12 33 122 132 137 70 141 53 94 79 98 105 120 86 149 52 72 128 27 30 136 127 38 131 137 107 36 130 116 19 27 80 108 35 86 90 101 108 126 127 97 0 25 10 77 119 11 123 54 99 15 90 57 89 72 30 139 85 121 28 52 76 77 51 78 73 31 104 107 89 86 45 89 43 142 100 126 120 147 114 27 138 26 60 67 63 111 98
51 103 85 135 126 134 71 58 20 88 40 11 45 118 129 126 115 17 26 135 63 125 149 86 19 71 147 139 100 45 38 136 143 98 96 34 67 148 138 33 137 79 52 119 28 92 111 124 40 56 138 105 34 25 0 44 101 35 63 14 124 56 137 70 87 95 12 81 91 128 116 54 68 106 53 137 92 89 20 121 79 122 27 121 56 42 144 126 125 18 35 75 48 129 104 25 20 147 69 119
74 84 148 89 29 80 70 48 132 122 115 53 42 99 16 145 141 128 74 106 44 32 20 29 118 96 108 87 40 20 126 73 56 43 112 58 60 17 17 60 96 57 109 130 54 116 34 94 144 84 25 93 11 10 44 0 43 28 36 98 120 97 144 50 79 108 96 138 11 106 48 20 124 85 92 65 145 101 28 131 12 79 56 91 100 80 14 45 149 83 116 30 75 14 123 40 43 67 28 65
104 141 127 33 126 140 16 20 89 117 35 138 76 55 81 50 35 142 57 102 111 90 149 81 94 29 96 48 112 89 100 135 117 40 41 109 141 137 118 45 135 120 64 118 45 114 113 134 137 66 50 79 129 77 101 43 0 131 33 63 129 93 42 131 127 21 68 48 76 133 86 29 103 104 39 114 95 115 21 103 105 126 52 83 87 130 58 114 57 13 121 25 51 99 117 150 111 40 20 86
112 131 46 33 43 144 72 125 141 20 145 147 74 111 36 77 13 29 136 30 78 97 30 105 93 129 100 124 72 44 123 36 144 143 122 134 59 146 42 63 136 18 110 19 114 118 90 73 74 36 44 64 51 119 35 28 131 0 25 118 103 99 117 74 139 67 127 66 65 30 63 127 131 119 50 24 121 116 143 51 23 115 88 71 135 79 63 48 82 117 55 56 15 123 56 90 37 55 146 100
89 93 65 126 31 61 53 147 118 127 66 101 141 90 26 94 14 97 29 47 72 100 149 101 105 18 58 13 28 38 86 140 20 125 113 125 90 84 107 82 11 94 131 116 130 145 100 143 42 119 21 82 68 11 63 36 33 25 0 93 91 142 30 76 22 89 103 103 35 149 41 99 15 92 15 80 15 80 46 127 100 42 127 133 47 58 95 43 76 24 83 18 27 80 71 111 37 23 139 89
111 103 54 50 55 145 66 13 58 17 66 34 36 86 148 53 88 96 81 50 78 135 148 63 58 51 121 101 70 21 85 94 110 108 106 84 45 61 54 14 11 136 136 96 114 75 75 138 45 130 64 22 13 123 14 98 63 118 93 0 123 98 32 112 37 66 90 20 87 75 120 12 123 104 85 35 98 24 62 118 50 22 57 145 21 113 116 28 84 20 148 96 83 56 23 127 82 126 109 36
44 137 58 47 53 81 64 47 60 108 144 87 69 87 129 102 44 120 84 117 13 116 118 130 76 61 37 40 19 64 98 58 53 34 15 124 120 148 43 72 146 87 135 119 67 121 95 41 28 69 127 82 107 54 124 120 129 103 91 123 0 121 13 30 13 132 129 33 111 16 58 144 139 93 52 26 102 119 35 27 45 46 44 23 61 33 18 99 13 25 59 20 62 34 53 50 22 115 73 82
81 78 97 19 140 12 46 77 137 70 119 150 84 115 103 29 24 132 42 138 76 140 78 122 21 114 34 94 83 44 57 146 107 34 19 40 139 11 93 10 91 70 100 101 143 112 17 47 17 26 10 121 70 99 56 97 93 99 142 98 121 0 27 119 73 51 126 130 113 141 56 77 110 28 116 127 144 106 34 148 32 62 41 145 17 150 136 90 119 69 117 61 17 63 20 128 138 43 45 120
77 70 35 14 38 117 143 77 106 52 137 45 13 102 42 139 28 32 134 90 109 84 124 27 57 98 99 25 130 17 139 21 145 12 52 24 130 111 40 140 87 63 74 150 143 37 71 91 110 121 77 23 76 15 137 144 42 117 30 32 13 27 0 67 46 83 19 55 66 138 35 12 54 34 74 93 105 101 132 11 21 10 82 15 54 120 29 68 139 26 132 91 93 111 41 99 28 147 70 69
13 129 73 111 142 121 32 111 46 136 67 112 85 144 12 126 12 82 123 11 67 111 75 53 85 103 141 108 78 126 85 93 15 50 22 100 106 67 140 24 18 147 134 40 126 148 97 142 51 36 32 103 80 90 70 50 131 74 76 112 30 119 67 0 99 147 27 85 37 47 117 140 65 66 94 62 144 121 85 48 91 116 75 89 30 139 95 145 12 52 47 105 79 62 25 79 60 41 62 103
99 18 16 41 72 99 65 74 128 96 22 147 107 25 93 14 87 17 16 103 10 86 142 64 136 73 79 129 96 34 29 139 90 114 77 88 68 76 134 88 131 54 131 123 107 118 40 53 128 32 74 127 84 57 87 79 127 139 22 37 13 73 46 99 0 141 71 131 39 125 114 13 13 69 126 10 103 82 70 81 32 22 99 31 130 111 56 147 88 101 90 66 21 57 150 105 131 140 106 35
45 117 51 117 94 53 84 117 45 54 20 58 62 43 110 38 63 42 144 115 135 104 91 86 19 52 117 134 145 13 76 134 38 87 32 14 101 81 118 19 97 64 13 100 114 114 22 84 136 146 82 142 36 89 95 108 21 67 89 66 132 51 83 147 141 0 73 90 135 39 138 140 76 46 122 97 89 31 120 131 114 29 88 78 73 68 40 18 61 67 108 139 93 38 28 128 145 135 60 77
94 49 53 19 80 102 66 118 43 27 132 13 149 132 13 31 68 89 49 88 25 128 44 61 58 127 77 149 142 46 38 101 87 31 101 46 102 72 150 70 19 32 55 126 29 89 58 107 89 140 83 28 135 72 12 96 68 127 103 90 129 126 19 27 71 73 0 48 118 134 116 97 38 129 78 72 135 133 11 128 143 34 101 140 73 58 97 146 135 102 149 31 149 141 107 150 145 63 100 143
81 43 17 24 79 95 70 62 48 28 137 132 106 114 144 98 38 135 117 76 47 15 47 37 97 149 19 18 129 105 69 59 10 74 53 91 53 11 30 21 110 82 14 51 38 38 79 46 113 92 13 18 88 30 81 138 48 66 103 20 33 130 55 85 131 90 48 0 16 117 88 47 88 92 80 48 62 75 45 147 121 98 43 32 55 126 29 89 58 107 89 140 83 28 135 72 12 96 68 127 103 90 129 126 19 27 71 73 0 48 118 134 116 97 38 129 78 72 135 133 11 128 143 34 101 140 73 58 97 146 135 102 149 31 149 141 107 150 145 63 100 143
81 43 17 24 79 95 70 62 48 28 137 132 106 114 144 98 38 135 117 76 47 15 47 37 97 149 19 18 129 105 69 59 10 74 53 91 53 11 30 21 110 82 14 51 38 38 79 46 113 92 13 18 88 30 81 138 48 66 103 20 33 130 55 85 131 90 48 0 16 117 88 47 88 92 80 48 62 75 45 147 121 98 43 42 136 61 93 147 44 12 98 41 68 23 61 100 21 132 75 92
143 117 78 16 119 83 68 21 67 59 124 65 150 105 148 115 123 90 67 54 113 95 10 111 79 100 96 148 69 92 31 67 127 39 145 50 76 84 28 38 122 66 115 130 103 63 18 146 117 23 96 58 33 139 91 11 76 65 35 87 111 113 66 37 39 135 118 16 0 139 14 35 63 131 19 139 117 63 31 87 66 48 117 57 68 144 73 53 128 150 129 64 135 13 60 122 106 112 18 82
121 43 133 120 141 19 31 71 150 134 99 136 131 72 81 26 23 76 13 37 25 37 65 97 19 119 27 37 134 90 49 57 91 131 63 136 142 79 13 39 98 129 96 106 47 146 80 119 62 99 86 63 101 85 128 106 133 30 149 75 16 141 138 47 125 39 134 117 139 0 23 79 88 22 70 54 146 72 33 35 57 34 20 70 41 14 150 93 57 60 11 30 92 121 94 41 77 149 68 38
96 106 119 14 144 85 149 105 15 85 72 112 136 76 11 125 37 77 10 82 81 89 97 27 79 53 79 139 81 122 106 20 45 130 61 46 66 132 136 139 66 47 26 15 95 70 89 67 15 87 38 136 23 121 116 48 85 146 117 23 96 58 33 139 91 11 76 65 35 87 111 113 66 37 39 135 118 16 0 139 14 35 63 131 19 139 117 63 31 87 66 48 117 57 68 144 73 53 128 150 129 64 135 13 60 122 106 112 18 82
121 43 133 120 141 19 31 71 150 134 99 136 131 72 81 26 23 76 13 37 25 37 65 97 19 119 27 37 134 90 49 57 91 131 63 136 142 79 13 39 98 129 96 106 47 146 80 119 62 99 86 63 101 85 128 106 133 30 149 75 16 141 138 47 125 39 134 117 139 0 23 79 88 22 70 54 146 72 33 35 57 34 20 70 41 14 150 93 57 60 11 30 92 121 94 41 77 149 68 38
96 106 119 14 144 85 149 105 15 85 72 112 136 76 11 125 37 77 10 82 81 89 97 27 79 53 79 139 81 122 106 20 45 130 61 46 66 132 136 139 66 47 26 15 95 70 89 67 15 87 38 136 23 121 116 48 86 63 41 120 58 56 35 117 114 138 116 88 14 23 0 124 75 101 145 115 130 30 138 118 15 66 54 120 35 114 138 45 12 17 117 81 32 69 112 57 89 147 86 40
122 120 65 55 49 134 148 79 117 146 94 111 103 19 32 95 131 117 50 92 27 108 71 48 56 59 51 64 150 82 126 121 102 148 125 117 74 138 51 18 62 66 42 48 69 96 31 62 129 136 58 130 144 28 54 20 29 127 99 12 144 77 12 140 13 140 97 47 35 79 124 0 146 127 92 80 112 108 92 27 63 38 53 145 85 55 81 81 133 51 41 10 18 113 48 121 76 102 114 148
131 66 45 53 49 17 144 147 66 51 48 73 52 57 62 93 21 58 24 30 49 40 22 140 141 99 118 69 128 51 44 29 70 43 48 17 147 128 139 47 37 49 100 73 145 26 35 128 108 73 10 43 67 52 68 124 103 131 15 123 139 110 54 65 13 76 38 88 63 88 75 146 0 75 68 128 137 29 40 79 16 45 12 68 146 150 49 68 107 35 113 83 33 133 52 83 26 16 86 33
86 60 18 52 110 32 87 46 82 92 23 114 39 141 145 22 11 45 113 37 65 54 23 110 106 86 122 135 12 112 29 150 115 11 28 130 59 104 83 76 74 78 133 118 149 57 143 124 118 40 132 53 68 76 106 85 104 119 92 104 93 28 34 66 69 46 129 92 131 22 101 127 75 0 55 120 139 91 144 132 146 80 52 91 51 48 82 131 33 119 91 43 96 124 108 15 18 61 62 21
46 45 51 80 126 134 121 35 35 58 75 27 68 61 129 52 11 112 67 145 124 126 11 21 129 133 37 25 67 14 73 37 38 126 75 85 52 72 127 148 105 137 11 92 120 74 80 78 58 138 34 15 25 77 53 92 39 50 15 85 52 116 74 94 126 122 78 80 19 70 145 92 68 55 0 48 31 125 27 14 145 63 13 126 44 130 24 44 127 22 41 79 77 116 23 36 73 137 81 133
61 16 104 135 76 80 96 64 94 140 34 78 112 75 96 120 130 86 57 39 115 25 45 111 136 119 97 14 97 21 137 98 34 85 110 16 87 33 137 117 29 126 126 131 139 77 78 27 146 27 117 75 54 51 137 65 114 24 80 35 26 127 93 62 10 97 72 48 139 54 115 80 128 120 48 0 94 44 53 149 95 127 43 113 13 132 61 90 117 117 126 150 11 47 121 143 26 23 57 110
26 140 116 35 19 58 51 143 141 56 131 138 39 77 10 79 138 105 62 105 106 142 113 130 68 148 18 139 82 141 31 14 123 109 64 109 10 146 61 70 60 55 129 149 60 41 103 106 109 111 148 65 129 78 92 145 95 121 15 98 102 144 105 144 103 89 135 62 117 146 130 112 137 139 31 94 0 136 48 76 93 116 60 143 40 38 131 24 78 147 100 143 135 137 149 110 36 114 16 150
62 40 25 94 85 100 95 21 118 109 53 122 74 14 71 104 73 33 129 119 137 100 131 112 18 36 91 12 25 31 45 42 117 138 60 28 11 131 45 77 25 49 52 18 55 10 28 14 46 123 26 50 107 73 89 101 115 116 80 24 119 106 101 121 82 31 133 75 63 72 30 108 29 91 125 44 136 0 29 29 20 60 31 56 122 49 130 41 94 71 29 127 14 39 42 33 71 69 77 63
145 148 113 35 148 109 31 57 10 34 134 146 130 74 121 139 106 30 115 60 27 133 70 137 14 134 53 94 88 68 79 76 74 70 93 28 33 142 91 78 131 43 24 74 40 134 68 137 117 47 126 53 12 31 20 28 21 143 46 62 35 34 132 85 70 120 11 45 31 33 138 92 40 144 27 53 48 29 0 101 58 51 18 86 17 95 65 47 11 108 113 99 37 55 75 96 148 15 108 68
103 30 58 64 25 149 121 28 119 80 61 11 123 94 110 96 13 39 64 28 74 89 52 10 150 24 34 20 100 129 95 118 146 73 88 130 117 52 143 28 34 47 132 82 24 26 90 143 58 104 119 45 57 104 121 131 103 51 127 118 27 148 11 48 81 131 128 147 87 35 118 27 79 132 14 149 76 29 101 0 30 129 127 42 84 51 122 126 127 84 82 59 111 75 70 107 118 33 92 23
67 66 103 13 46 129 40 129 49 60 149 54 91 99 55 70 66 89 150 149 119 96 65 28 139 73 82 67 48 23 55 61 92 66 85 45 83 92 91 32 127 60 54 99 110 72 76 133 140 143 128 23 143 107 79 12 105 23 100 50 45 32 21 91 32 114 143 121 66 57 15 63 16 146 145 95 93 20 58 30 0 97 111 123 143 25 121 87 101 129 59 91 99 17 76 58 87 44 48 121
68 20 138 129 109 11 65 87 108 150 144 17 79 138 47 31 79 49 134 98 81 119 41 85 39 85 38 96 132 143 138 149 106 118 100 38 75 92 95 96 150 121 105 122 112 115 23 144 79 124 31 16 149 89 122 79 126 115 42 22 46 62 10 116 22 29 34 98 48 34 66 38 45 80 63 127 116 60 51 129 97 0 27 116 22 29 34 98 48 34 66 38 45 80 63 127 116 60 51 129 97 0 27 16 52 71 32 81 73 81 121 66 57 15 63 16 146 145 95 93 20 58 30 0 97 111 123 143 25 121 87 101 129 59 91 99 17 76 58 87 44 48 121
68 20 138 129 109 11 65 87 108 150 144 17 79 138 47 31 79 49 134 98 81 119 41 85 39 85 38 96 132 143 138 149 106 118 100 38 75 92 95 96 150 121 105 122 112 115 23 144 79 124 31 16 149 89 122 79 126 115 42 22 46 62 10 116 22 29 34 98 48 34 66 38 45 80 63 127 116 60 51 129 97 0 27 16 52 71 32 81 73 78 80 20 139 14 106 22 133 57 142 126
133 111 115 63 11 32 132 97 96 10 90 145 132 62 56 129 143 134 20 136 23 86 56 101 52 58 42 40 138 136 48 119 67 75 70 120 71 31 139 123 136 104 32 87 94 81 75 99 84 145 146 128 82 86 27 56 52 88 127 57 44 41 82 75 99 88 101 43 117 20 54 53 12 52 13 43 60 31 18 127 111 27 0 138 113 88 115 19 87 69 46 68 68 47 66 27 128 27 141 34
68 127 48 59 87 144 72 25 14 99 133 129 72 81 134 58 147 142 125 124 75 57 53 45 94 69 51 115 45 18 60 138 99 144 83 52 25 68 43 13 98 120 86 116 104 96 55 114 55 42 23 30 23 45 121 91 83 71 133 145 23 145 15 89 31 78 140 42 57 70 120 145 68 91 126 113 143 56 86 42 123 16 138 0 41 148 49 78 71 32 68 107 133 13 144 77 26 131 50 104
37 48 82 113 127 119 82 68 57 135 87 59 102 110 66 65 41 63 31 58 71 128 144 20 41 150 48 85 49 92 20 57 106 23 70 109 16 71 26 50 123 70 23 92 25 69 18 23 135 141 54 69 97 89 56 100 87 135 47 21 61 17 54 30 130 73 73 136 68 41 35 85 146 51 44 13 40 122 17 84 143 52 113 41 0 136 83 97 13 148 40 38 96 37 85 69 29 108 96 111
12 33 138 121 104 144 38 111 30 55 57 129 25 85 66 109 135 139 120 85 106 92 51 46 36 49 129 21 31 13 91 37 19 98 102 10 67 124 78 58 71 136 91 37 67 145 18 116 34 135 65 55 109 43 42 80 130 79 58 113 33 150 120 139 111 68 58 61 144 14 114 55 150 48 130 132 38 49 95 51 25 71 88 148 136 0 25 147 57 111 140 49 52 92 73 88 77 39 76 121
44 23 116 52 27 15 28 111 141 143 105 93 24 150 122 72 146 102 107 43 64 51 34 47 110 12 54 82 23 108 111 123 72 58 45 103 102 25 145 30 15 55 38 109 86 135 147 150 67 103 85 117 131 142 144 14 58 63 95 116 18 136 29 95 56 40 97 93 73 150 138 81 49 82 24 61 131 130 65 122 121 32 115 49 83 25 0 107 91 93 33 105 52 62 150 92 63 135 70 92
69 110 19 87 108 60 49 96 64 97 67 21 61 105 139 86 74 24 131 35 66 12 77 49 87 80 86 112 108 134 15 23 12 35 95 81 113 10 112 77 47 65 120 59 14 27 121 70 109 118 15 49 15 100 126 45 114 48 43 28 99 90 68 145 147 18 146 147 53 93 45 81 68 131 44 90 24 41 47 126 87 81 19 78 97 147 107 0 53 53 91 115 112 54 116 105 138 11 53 35
135 56 59 58 108 38 70 72 92 96 124 23 147 70 49 88 109 143 65 64 46 121 17 76 18 77 125 70 50 148 23 118 28 150 34 87 26 141 26 94 46 56 106 21 18 125 108 19 111 44 26 12 32 126 125 149 57 82 76 84 13 119 139 12 88 61 135 44 128 57 12 133 107 33 127 117 78 94 11 127 101 73 87 71 13 57 91 53 0 81 139 133 63 144 94 108 96 59 26 70
43 70 46 63 94 128 64 106 35 58 104 83 66 17 130 42 18 69 61 36 25 59 54 52 26 112 100 84 95 86 140 89 51 127 48 83 61 38 94 33 115 10 26 107 87 64 146 132 28 143 26 19 127 120 18 83 13 117 24 20 25 69 26 52 101 67 102 12 150 60 17 51 35 119 22 117 147 71 108 84 129 78 69 32 148 111 93 53 81 0 29 53 19 77 29 70 71 129 85 57
135 75 79 54 81 91 42 129 38 73 105 145 43 38 62 66 108 148 120 126 30 35 70 121 61 82 104 16 63 92 132 28 75 130 33 85 108 114 110 123 82 11 23 40 12 24 50 25 147 148 49 23 143 147 35 116 121 55 83 148 59 117 132 47 90 108 149 98 129 11 117 41 113 91 41 126 100 29 113 82 59 80 46 68 40 140 33 91 139 29 0 121 84 100 68 102 77 85 23 36
10 11 116 68 113 68 19 50 57 87 58 134 55 17 33 65 111 20 77 110 113 119 77 103 150 38 67 48 84 50 98 128 85 141 69 66 149 19 108 31 94 129 31 68 80 124 72 49 50 65 44 38 127 114 75 30 25 56 18 96 20 61 91 105 66 139 31 41 64 30 81 10 83 43 79 150 143 127 99 59 91 20 68 107 38 49 105 115 133 53 121 0 40 93 96 37 79 101 141 98
48 34 127 95 30 107 86 139 113 80 47 137 42 126 137 134 55 89 111 32 95 45 92 119 44 15 131 25 91 52 35 98 38 142 53 147 105 95 95 41 21 18 59 92 79 81 119 65 95 150 96 36 99 27 48 75 51 15 27 83 62 17 93 79 21 93 149 68 135 92 32 18 33 96 77 11 135 14 37 111 99 139 68 133 96 52 52 112 63 19 84 40 0 72 95 61 142 110 23 22
57 66 43 94 124 135 147 47 26 113 38 27 122 60 117 17 133 148 30 133 58 35 124 17 77 136 137 95 44 124 129 134 20 52 144 119 79 29 58 67 89 10 24 10 31 99 133 12 55 110 57 37 95 138 129 14 99 123 80 56 34 63 111 62 57 38 141 23 13 121 69 113 133 124 116 47 137 39 55 75 17 14 47 13 37 92 62 54 144 77 100 93 72 0 141 19 66 31 35 28
113 29 109 43 132 45 117 61 43 121 14 39 42 91 86 148 108 90 32 145 49 90 135 31 142 100 67 90 108 42 140 12 20 52 34 125 108 20 101 145 62 82 62 150 60 57 126 149 131 116 55 81 119 26 104 123 117 56 71 23 53 20 41 25 150 28 107 61 60 94 112 48 52 108 23 121 149 42 75 70 76 106 61 149 112 48 52 108 23 121 149 42 75 70 76 106 66 144 85 73 150 116 94 29 68 96 95 141 0 23 89 26 124 99
120 126 141 130 120 43 44 141 79 92 104 75 35 119 143 149 122 104 115 123 100 11 74 44 65 135 34 28 61 122 76 145 22 98 52 108 81 50 80 101 17 140 29 123 104 26 127 100 39 136 66 16 96 60 25 40 150 90 111 127 50 128 99 79 105 128 150 100 122 41 57 121 83 15 36 143 110 33 96 107 58 22 27 77 69 88 92 105 108 70 102 37 61 19 23 0 104 18 17 133
47 126 102 51 82 20 22 73 29 127 115 109 72 145 137 44 87 23 61 110 89 111 97 25 61 56 72 66 50 23 107 110 31 50 59 38 99 86 150 91 136 126 127 12 77 77 18 119 16 12 137 134 71 67 20 43 111 37 37 82 22 138 28 60 131 145 145 21 106 77 89 76 26 18 73 26 36 71 148 118 87 133 128 26 29 77 63 138 96 71 77 79 142 66 89 104 0 42 84 132
134 66 60 130 11 102 85 69 57 42 45 122 71 119 127 142 130 118 39 122 40 80 139 37 14 19 13 106 95 99 113 12 46 16 111 104 46 40 46 31 14 62 82 26 114 136 58 12 89 74 126 79 55 63 147 67 40 55 23 126 115 43 147 41 140 135 63 132 112 149 147 102 16 61 137 23 114 69 15 33 44 57 27 131 108 39 135 11 59 129 85 101 110 31 26 18 42 0 84 22
59 150 39 68 79 25 63 100 66 39 64 48 112 88 48 48 21 112 47 66 150 111 19 107 73 89 150 77 98 100 128 123 77 35 81 24 24 92 132 17 55 127 64 140 78 78 68 79 136 62 124 119 55 111 69 28 20 146 139 109 73 45 70 62 106 60 100 75 18 68 86 114 86 62 81 57 16 77 108 92 48 142 141 50 96 76 70 53 26 85 23 141 23 35 124 17 84 84 0 142
12 104 41 150 98 61 123 137 75 89 101 90 59 132 100 140 44 116 99 122 113 129 140 16 60 135 105 32 49 32 80 53 93 122 85 129 136 131 136 139 117 20 25 19 139 122 107 47 66 146 88 92 134 98 119 65 86 100 89 36 82 120 69 103 35 77 143 92 82 38 40 148 33 21 133 110 150 63 68 23 121 126 34 104 111 121 92 35 70 57 36 98 22 28 99 133 132 22 142 0