25
0 81 29 45 61 74 23 99 15 54 36 28 92 41 50 11 88 33 67 22 19 76 58 44 12
81 0 52 33 19 88 47 62 10 39 21 75 44 82 14 91 25 66 38 59 70 12 43 27 51
29 52 0 64 22 15 83 40 71 26 95 31 18 57 60 42 37 84 13 90 24 55 68 79 33
45 33 64 0 91 20 54 12 87 35 63 19 46 72 29 80 14 53 21 66 38 94 10 47 28
61 19 22 91 0 43 75 28 64 13 50 82 31 69 44 17 93 25 58 11 87 36 24 62 49
74 88 15 20 43 0 66 31 19 55 82 14 47 29 60 38 71 12 94 25 53 40 87 18 63
23 47 83 54 75 66 0 21 39 82 14 67 90 33 55 28 41 19 74 12 86 60 35 49 17
99 62 40 12 28 31 21 0 75 44 59 13 82 25 66 38 91 20 54 11 47 33 68 19 84
15 10 71 87 64 19 39 75 0 22 51 93 40 68 12 55 83 24 60 37 19 46 72 29 81
54 39 26 35 13 55 82 44 22 0 67 31 19 84 40 62 15 90 28 53 11 74 36 25 60
36 21 95 63 50 82 14 59 51 67 0 44 25 18 92 33 57 71 12 88 60 42 29 80 15
28 75 31 19 82 14 67 13 93 31 44 0 55 21 74 40 68 12 90 25 53 11 86 38 64
92 44 18 46 31 47 90 82 40 19 25 55 0 63 13 88 36 24 60 75 14 59 51 82 29
41 82 57 72 69 29 33 25 68 84 18 21 63 0 50 14 91 38 67 22 93 15 44 60 36
50 14 60 29 44 60 55 66 12 40 92 74 13 50 0 82 31 69 25 18 57 41 88 33 75
11 91 42 80 17 38 28 38 55 62 33 40 88 14 82 0 25 66 19 93 51 72 60 37 44
88 25 37 14 93 71 41 91 83 15 57 68 36 91 31 25 0 54 82 13 60 29 44 67 20
33 66 84 53 25 12 19 20 24 90 71 12 24 38 69 66 54 0 43 75 28 64 13 50 82
67 38 13 21 58 94 74 54 60 28 12 90 60 67 25 19 82 43 0 51 93 40 68 12 55
22 59 90 66 11 25 12 11 37 53 88 25 75 22 18 93 13 75 51 0 31 19 84 40 62
19 70 24 38 87 53 86 47 19 11 60 53 14 93 57 51 60 28 93 31 0 67 15 91 22
76 12 55 94 36 40 60 33 46 74 42 11 59 15 41 72 29 64 40 19 67 0 82 31 69
58 43 68 10 24 87 35 68 72 36 29 86 51 44 88 60 44 13 68 84 15 82 0 50 14
44 27 79 47 62 18 49 19 29 25 80 38 82 60 33 37 67 50 12 40 91 31 50 0 25
12 51 33 28 49 63 17 84 81 60 15 64 29 36 75 44 20 82 55 62 22 69 14 25 0