8
0 12 15 22 45 10 32 18
12 0 17 19 25 33 14 21
15 17 0 35 11 14 26 29
22 19 35 0 28 40 13 16
45 25 11 28 0 12 31 20
10 33 14 40 12 0 22 30
32 14 26 13 31 22 0 15
18 21 29 16 20 30 15 0